Min frequency : 0.05
Max frequency : 0.4
Nb of frequencies : 500

S0 ; A0 ; SH0
5.6202E0 ; 2.1404E0 ; 3.2557E0
5.6201E0 ; 2.1514E0 ; 3.2557E0
5.62E0 ; 2.1622E0 ; 3.2557E0
5.6198E0 ; 2.1729E0 ; 3.2557E0
5.6197E0 ; 2.1834E0 ; 3.2557E0
5.6195E0 ; 2.1939E0 ; 3.2557E0
5.6194E0 ; 2.2041E0 ; 3.2557E0
5.6192E0 ; 2.2143E0 ; 3.2557E0
5.6191E0 ; 2.2243E0 ; 3.2557E0
5.6189E0 ; 2.2342E0 ; 3.2557E0
5.6188E0 ; 2.244E0 ; 3.2557E0
5.6186E0 ; 2.2537E0 ; 3.2557E0
5.6185E0 ; 2.2633E0 ; 3.2557E0
5.6183E0 ; 2.2727E0 ; 3.2557E0
5.6182E0 ; 2.282E0 ; 3.2557E0
5.618E0 ; 2.2913E0 ; 3.2557E0
5.6178E0 ; 2.3004E0 ; 3.2557E0
5.6177E0 ; 2.3094E0 ; 3.2557E0
5.6175E0 ; 2.3183E0 ; 3.2557E0
5.6173E0 ; 2.3271E0 ; 3.2557E0
5.6171E0 ; 2.3358E0 ; 3.2557E0
5.617E0 ; 2.3444E0 ; 3.2557E0
5.6168E0 ; 2.3529E0 ; 3.2557E0
5.6166E0 ; 2.3613E0 ; 3.2557E0
5.6164E0 ; 2.3696E0 ; 3.2557E0
5.6162E0 ; 2.3778E0 ; 3.2557E0
5.6161E0 ; 2.386E0 ; 3.2557E0
5.6159E0 ; 2.394E0 ; 3.2557E0
5.6157E0 ; 2.402E0 ; 3.2557E0
5.6155E0 ; 2.4098E0 ; 3.2557E0
5.6153E0 ; 2.4176E0 ; 3.2557E0
5.6151E0 ; 2.4253E0 ; 3.2557E0
5.6149E0 ; 2.4329E0 ; 3.2557E0
5.6147E0 ; 2.4405E0 ; 3.2557E0
5.6145E0 ; 2.4479E0 ; 3.2557E0
5.6143E0 ; 2.4553E0 ; 3.2557E0
5.6141E0 ; 2.4626E0 ; 3.2557E0
5.6139E0 ; 2.4698E0 ; 3.2557E0
5.6137E0 ; 2.4769E0 ; 3.2557E0
5.6135E0 ; 2.484E0 ; 3.2557E0
5.6133E0 ; 2.491E0 ; 3.2557E0
5.613E0 ; 2.4979E0 ; 3.2557E0
5.6128E0 ; 2.5048E0 ; 3.2557E0
5.6126E0 ; 2.5116E0 ; 3.2557E0
5.6124E0 ; 2.5183E0 ; 3.2557E0
5.6122E0 ; 2.525E0 ; 3.2557E0
5.6119E0 ; 2.5315E0 ; 3.2557E0
5.6117E0 ; 2.5381E0 ; 3.2557E0
5.6115E0 ; 2.5445E0 ; 3.2557E0
5.6112E0 ; 2.5509E0 ; 3.2557E0
5.611E0 ; 2.5572E0 ; 3.2557E0
5.6108E0 ; 2.5635E0 ; 3.2557E0
5.6105E0 ; 2.5697E0 ; 3.2557E0
5.6103E0 ; 2.5758E0 ; 3.2557E0
5.6101E0 ; 2.5819E0 ; 3.2557E0
5.6098E0 ; 2.5879E0 ; 3.2557E0
5.6096E0 ; 2.5939E0 ; 3.2557E0
5.6093E0 ; 2.5998E0 ; 3.2557E0
5.6091E0 ; 2.6056E0 ; 3.2557E0
5.6088E0 ; 2.6114E0 ; 3.2557E0
5.6086E0 ; 2.6172E0 ; 3.2557E0
5.6083E0 ; 2.6228E0 ; 3.2557E0
5.6081E0 ; 2.6285E0 ; 3.2557E0
5.6078E0 ; 2.634E0 ; 3.2557E0
5.6075E0 ; 2.6396E0 ; 3.2557E0
5.6073E0 ; 2.645E0 ; 3.2557E0
5.607E0 ; 2.6504E0 ; 3.2557E0
5.6067E0 ; 2.6558E0 ; 3.2557E0
5.6065E0 ; 2.6611E0 ; 3.2557E0
5.6062E0 ; 2.6664E0 ; 3.2557E0
5.6059E0 ; 2.6716E0 ; 3.2557E0
5.6056E0 ; 2.6768E0 ; 3.2557E0
5.6054E0 ; 2.6819E0 ; 3.2557E0
5.6051E0 ; 2.687E0 ; 3.2557E0
5.6048E0 ; 2.692E0 ; 3.2557E0
5.6045E0 ; 2.697E0 ; 3.2557E0
5.6042E0 ; 2.7019E0 ; 3.2557E0
5.6039E0 ; 2.7068E0 ; 3.2557E0
5.6037E0 ; 2.7117E0 ; 3.2557E0
5.6034E0 ; 2.7165E0 ; 3.2557E0
5.6031E0 ; 2.7212E0 ; 3.2557E0
5.6028E0 ; 2.726E0 ; 3.2557E0
5.6025E0 ; 2.7306E0 ; 3.2557E0
5.6022E0 ; 2.7353E0 ; 3.2557E0
5.6019E0 ; 2.7399E0 ; 3.2557E0
5.6016E0 ; 2.7444E0 ; 3.2557E0
5.6013E0 ; 2.7489E0 ; 3.2557E0
5.6009E0 ; 2.7534E0 ; 3.2557E0
5.6006E0 ; 2.7578E0 ; 3.2557E0
5.6003E0 ; 2.7622E0 ; 3.2557E0
5.6E0 ; 2.7666E0 ; 3.2557E0
5.5997E0 ; 2.7709E0 ; 3.2557E0
5.5994E0 ; 2.7752E0 ; 3.2557E0
5.599E0 ; 2.7794E0 ; 3.2557E0
5.5987E0 ; 2.7836E0 ; 3.2557E0
5.5984E0 ; 2.7878E0 ; 3.2557E0
5.5981E0 ; 2.7919E0 ; 3.2557E0
5.5977E0 ; 2.796E0 ; 3.2557E0
5.5974E0 ; 2.8001E0 ; 3.2557E0
5.5971E0 ; 2.8041E0 ; 3.2557E0
5.5967E0 ; 2.8081E0 ; 3.2557E0
5.5964E0 ; 2.8121E0 ; 3.2557E0
5.596E0 ; 2.816E0 ; 3.2557E0
5.5957E0 ; 2.8199E0 ; 3.2557E0
5.5953E0 ; 2.8237E0 ; 3.2557E0
5.595E0 ; 2.8276E0 ; 3.2557E0
5.5946E0 ; 2.8314E0 ; 3.2557E0
5.5943E0 ; 2.8351E0 ; 3.2557E0
5.5939E0 ; 2.8388E0 ; 3.2557E0
5.5936E0 ; 2.8425E0 ; 3.2557E0
5.5932E0 ; 2.8462E0 ; 3.2557E0
5.5929E0 ; 2.8498E0 ; 3.2557E0
5.5925E0 ; 2.8535E0 ; 3.2557E0
5.5921E0 ; 2.857E0 ; 3.2557E0
5.5918E0 ; 2.8606E0 ; 3.2557E0
5.5914E0 ; 2.8641E0 ; 3.2557E0
5.591E0 ; 2.8676E0 ; 3.2557E0
5.5906E0 ; 2.871E0 ; 3.2557E0
5.5903E0 ; 2.8745E0 ; 3.2557E0
5.5899E0 ; 2.8779E0 ; 3.2557E0
5.5895E0 ; 2.8812E0 ; 3.2557E0
5.5891E0 ; 2.8846E0 ; 3.2557E0
5.5887E0 ; 2.8879E0 ; 3.2557E0
5.5883E0 ; 2.8912E0 ; 3.2557E0
5.588E0 ; 2.8945E0 ; 3.2557E0
5.5876E0 ; 2.8977E0 ; 3.2557E0
5.5872E0 ; 2.9009E0 ; 3.2557E0
5.5868E0 ; 2.9041E0 ; 3.2557E0
5.5864E0 ; 2.9072E0 ; 3.2557E0
5.586E0 ; 2.9104E0 ; 3.2557E0
5.5856E0 ; 2.9135E0 ; 3.2557E0
5.5852E0 ; 2.9166E0 ; 3.2557E0
5.5847E0 ; 2.9196E0 ; 3.2557E0
5.5843E0 ; 2.9227E0 ; 3.2557E0
5.5839E0 ; 2.9257E0 ; 3.2557E0
5.5835E0 ; 2.9287E0 ; 3.2557E0
5.5831E0 ; 2.9316E0 ; 3.2557E0
5.5827E0 ; 2.9346E0 ; 3.2557E0
5.5822E0 ; 2.9375E0 ; 3.2557E0
5.5818E0 ; 2.9404E0 ; 3.2557E0
5.5814E0 ; 2.9432E0 ; 3.2557E0
5.581E0 ; 2.9461E0 ; 3.2557E0
5.5805E0 ; 2.9489E0 ; 3.2557E0
5.5801E0 ; 2.9517E0 ; 3.2557E0
5.5797E0 ; 2.9545E0 ; 3.2557E0
5.5792E0 ; 2.9572E0 ; 3.2557E0
5.5788E0 ; 2.9599E0 ; 3.2557E0
5.5783E0 ; 2.9627E0 ; 3.2557E0
5.5779E0 ; 2.9653E0 ; 3.2557E0
5.5774E0 ; 2.968E0 ; 3.2557E0
5.577E0 ; 2.9707E0 ; 3.2557E0
5.5765E0 ; 2.9733E0 ; 3.2557E0
5.5761E0 ; 2.9759E0 ; 3.2557E0
5.5756E0 ; 2.9785E0 ; 3.2557E0
5.5752E0 ; 2.981E0 ; 3.2557E0
5.5747E0 ; 2.9836E0 ; 3.2557E0
5.5742E0 ; 2.9861E0 ; 3.2557E0
5.5738E0 ; 2.9886E0 ; 3.2557E0
5.5733E0 ; 2.9911E0 ; 3.2557E0
5.5728E0 ; 2.9936E0 ; 3.2557E0
5.5723E0 ; 2.996E0 ; 3.2557E0
5.5719E0 ; 2.9984E0 ; 3.2557E0
5.5714E0 ; 3.0009E0 ; 3.2557E0
5.5709E0 ; 3.0032E0 ; 3.2557E0
5.5704E0 ; 3.0056E0 ; 3.2557E0
5.5699E0 ; 3.008E0 ; 3.2557E0
5.5694E0 ; 3.0103E0 ; 3.2557E0
5.569E0 ; 3.0126E0 ; 3.2557E0
5.5685E0 ; 3.0149E0 ; 3.2557E0
5.568E0 ; 3.0172E0 ; 3.2557E0
5.5675E0 ; 3.0195E0 ; 3.2557E0
5.567E0 ; 3.0217E0 ; 3.2557E0
5.5665E0 ; 3.0239E0 ; 3.2557E0
5.5659E0 ; 3.0262E0 ; 3.2557E0
5.5654E0 ; 3.0284E0 ; 3.2557E0
5.5649E0 ; 3.0305E0 ; 3.2557E0
5.5644E0 ; 3.0327E0 ; 3.2557E0
5.5639E0 ; 3.0348E0 ; 3.2557E0
5.5634E0 ; 3.037E0 ; 3.2557E0
5.5629E0 ; 3.0391E0 ; 3.2557E0
5.5623E0 ; 3.0412E0 ; 3.2557E0
5.5618E0 ; 3.0433E0 ; 3.2557E0
5.5613E0 ; 3.0453E0 ; 3.2557E0
5.5607E0 ; 3.0474E0 ; 3.2557E0
5.5602E0 ; 3.0494E0 ; 3.2557E0
5.5597E0 ; 3.0514E0 ; 3.2557E0
5.5591E0 ; 3.0534E0 ; 3.2557E0
5.5586E0 ; 3.0554E0 ; 3.2557E0
5.558E0 ; 3.0574E0 ; 3.2557E0
5.5575E0 ; 3.0593E0 ; 3.2557E0
5.5569E0 ; 3.0613E0 ; 3.2557E0
5.5564E0 ; 3.0632E0 ; 3.2557E0
5.5558E0 ; 3.0651E0 ; 3.2557E0
5.5553E0 ; 3.067E0 ; 3.2557E0
5.5547E0 ; 3.0689E0 ; 3.2557E0
5.5541E0 ; 3.0708E0 ; 3.2557E0
5.5536E0 ; 3.0726E0 ; 3.2557E0
5.553E0 ; 3.0745E0 ; 3.2557E0
5.5524E0 ; 3.0763E0 ; 3.2557E0
5.5519E0 ; 3.0781E0 ; 3.2557E0
5.5513E0 ; 3.0799E0 ; 3.2557E0
5.5507E0 ; 3.0817E0 ; 3.2557E0
5.5501E0 ; 3.0835E0 ; 3.2557E0
5.5495E0 ; 3.0852E0 ; 3.2557E0
5.549E0 ; 3.087E0 ; 3.2557E0
5.5484E0 ; 3.0887E0 ; 3.2557E0
5.5478E0 ; 3.0904E0 ; 3.2557E0
5.5472E0 ; 3.0921E0 ; 3.2557E0
5.5466E0 ; 3.0938E0 ; 3.2557E0
5.546E0 ; 3.0955E0 ; 3.2557E0
5.5454E0 ; 3.0972E0 ; 3.2557E0
5.5448E0 ; 3.0988E0 ; 3.2557E0
5.5442E0 ; 3.1005E0 ; 3.2557E0
5.5436E0 ; 3.1021E0 ; 3.2557E0
5.5429E0 ; 3.1037E0 ; 3.2557E0
5.5423E0 ; 3.1053E0 ; 3.2557E0
5.5417E0 ; 3.1069E0 ; 3.2557E0
5.5411E0 ; 3.1085E0 ; 3.2557E0
5.5405E0 ; 3.1101E0 ; 3.2557E0
5.5398E0 ; 3.1116E0 ; 3.2557E0
5.5392E0 ; 3.1132E0 ; 3.2557E0
5.5386E0 ; 3.1147E0 ; 3.2557E0
5.5379E0 ; 3.1163E0 ; 3.2557E0
5.5373E0 ; 3.1178E0 ; 3.2557E0
5.5366E0 ; 3.1193E0 ; 3.2557E0
5.536E0 ; 3.1208E0 ; 3.2557E0
5.5353E0 ; 3.1222E0 ; 3.2557E0
5.5347E0 ; 3.1237E0 ; 3.2557E0
5.534E0 ; 3.1252E0 ; 3.2557E0
5.5334E0 ; 3.1266E0 ; 3.2557E0
5.5327E0 ; 3.128E0 ; 3.2557E0
5.5321E0 ; 3.1295E0 ; 3.2557E0
5.5314E0 ; 3.1309E0 ; 3.2557E0
5.5307E0 ; 3.1323E0 ; 3.2557E0
5.5301E0 ; 3.1337E0 ; 3.2557E0
5.5294E0 ; 3.1351E0 ; 3.2557E0
5.5287E0 ; 3.1364E0 ; 3.2557E0
5.528E0 ; 3.1378E0 ; 3.2557E0
5.5273E0 ; 3.1392E0 ; 3.2557E0
5.5267E0 ; 3.1405E0 ; 3.2557E0
5.526E0 ; 3.1418E0 ; 3.2557E0
5.5253E0 ; 3.1432E0 ; 3.2557E0
5.5246E0 ; 3.1445E0 ; 3.2557E0
5.5239E0 ; 3.1458E0 ; 3.2557E0
5.5232E0 ; 3.1471E0 ; 3.2557E0
5.5225E0 ; 3.1484E0 ; 3.2557E0
5.5218E0 ; 3.1496E0 ; 3.2557E0
5.5211E0 ; 3.1509E0 ; 3.2557E0
5.5204E0 ; 3.1521E0 ; 3.2557E0
5.5196E0 ; 3.1534E0 ; 3.2557E0
5.5189E0 ; 3.1546E0 ; 3.2557E0
5.5182E0 ; 3.1559E0 ; 3.2557E0
5.5175E0 ; 3.1571E0 ; 3.2557E0
5.5168E0 ; 3.1583E0 ; 3.2557E0
5.516E0 ; 3.1595E0 ; 3.2557E0
5.5153E0 ; 3.1607E0 ; 3.2557E0
5.5146E0 ; 3.1619E0 ; 3.2557E0
5.5138E0 ; 3.163E0 ; 3.2557E0
5.5131E0 ; 3.1642E0 ; 3.2557E0
5.5123E0 ; 3.1654E0 ; 3.2557E0
5.5116E0 ; 3.1665E0 ; 3.2557E0
5.5108E0 ; 3.1676E0 ; 3.2557E0
5.5101E0 ; 3.1688E0 ; 3.2557E0
5.5093E0 ; 3.1699E0 ; 3.2557E0
5.5086E0 ; 3.171E0 ; 3.2557E0
5.5078E0 ; 3.1721E0 ; 3.2557E0
5.507E0 ; 3.1732E0 ; 3.2557E0
5.5062E0 ; 3.1743E0 ; 3.2557E0
5.5055E0 ; 3.1754E0 ; 3.2557E0
5.5047E0 ; 3.1764E0 ; 3.2557E0
5.5039E0 ; 3.1775E0 ; 3.2557E0
5.5031E0 ; 3.1786E0 ; 3.2557E0
5.5023E0 ; 3.1796E0 ; 3.2557E0
5.5016E0 ; 3.1807E0 ; 3.2557E0
5.5008E0 ; 3.1817E0 ; 3.2557E0
5.5E0 ; 3.1827E0 ; 3.2557E0
5.4992E0 ; 3.1837E0 ; 3.2557E0
5.4984E0 ; 3.1847E0 ; 3.2557E0
5.4976E0 ; 3.1857E0 ; 3.2557E0
5.4967E0 ; 3.1867E0 ; 3.2557E0
5.4959E0 ; 3.1877E0 ; 3.2557E0
5.4951E0 ; 3.1887E0 ; 3.2557E0
5.4943E0 ; 3.1897E0 ; 3.2557E0
5.4935E0 ; 3.1906E0 ; 3.2557E0
5.4927E0 ; 3.1916E0 ; 3.2557E0
5.4918E0 ; 3.1926E0 ; 3.2557E0
5.491E0 ; 3.1935E0 ; 3.2557E0
5.4902E0 ; 3.1944E0 ; 3.2557E0
5.4893E0 ; 3.1954E0 ; 3.2557E0
5.4885E0 ; 3.1963E0 ; 3.2557E0
5.4876E0 ; 3.1972E0 ; 3.2557E0
5.4868E0 ; 3.1981E0 ; 3.2557E0
5.4859E0 ; 3.199E0 ; 3.2557E0
5.4851E0 ; 3.1999E0 ; 3.2557E0
5.4842E0 ; 3.2008E0 ; 3.2557E0
5.4833E0 ; 3.2017E0 ; 3.2557E0
5.4825E0 ; 3.2026E0 ; 3.2557E0
5.4816E0 ; 3.2034E0 ; 3.2557E0
5.4807E0 ; 3.2043E0 ; 3.2557E0
5.4799E0 ; 3.2051E0 ; 3.2557E0
5.479E0 ; 3.206E0 ; 3.2557E0
5.4781E0 ; 3.2068E0 ; 3.2557E0
5.4772E0 ; 3.2077E0 ; 3.2557E0
5.4763E0 ; 3.2085E0 ; 3.2557E0
5.4754E0 ; 3.2093E0 ; 3.2557E0
5.4745E0 ; 3.2101E0 ; 3.2557E0
5.4736E0 ; 3.2109E0 ; 3.2557E0
5.4727E0 ; 3.2117E0 ; 3.2557E0
5.4718E0 ; 3.2125E0 ; 3.2557E0
5.4709E0 ; 3.2133E0 ; 3.2557E0
5.47E0 ; 3.2141E0 ; 3.2557E0
5.469E0 ; 3.2149E0 ; 3.2557E0
5.4681E0 ; 3.2157E0 ; 3.2557E0
5.4672E0 ; 3.2164E0 ; 3.2557E0
5.4663E0 ; 3.2172E0 ; 3.2557E0
5.4653E0 ; 3.218E0 ; 3.2557E0
5.4644E0 ; 3.2187E0 ; 3.2557E0
5.4635E0 ; 3.2195E0 ; 3.2557E0
5.4625E0 ; 3.2202E0 ; 3.2557E0
5.4616E0 ; 3.2209E0 ; 3.2557E0
5.4606E0 ; 3.2217E0 ; 3.2557E0
5.4596E0 ; 3.2224E0 ; 3.2557E0
5.4587E0 ; 3.2231E0 ; 3.2557E0
5.4577E0 ; 3.2238E0 ; 3.2557E0
5.4568E0 ; 3.2245E0 ; 3.2557E0
5.4558E0 ; 3.2252E0 ; 3.2557E0
5.4548E0 ; 3.2259E0 ; 3.2557E0
5.4538E0 ; 3.2266E0 ; 3.2557E0
5.4528E0 ; 3.2273E0 ; 3.2557E0
5.4519E0 ; 3.228E0 ; 3.2557E0
5.4509E0 ; 3.2286E0 ; 3.2557E0
5.4499E0 ; 3.2293E0 ; 3.2557E0
5.4489E0 ; 3.23E0 ; 3.2557E0
5.4479E0 ; 3.2306E0 ; 3.2557E0
5.4469E0 ; 3.2313E0 ; 3.2557E0
5.4458E0 ; 3.2319E0 ; 3.2557E0
5.4448E0 ; 3.2326E0 ; 3.2557E0
5.4438E0 ; 3.2332E0 ; 3.2557E0
5.4428E0 ; 3.2338E0 ; 3.2557E0
5.4418E0 ; 3.2345E0 ; 3.2557E0
5.4407E0 ; 3.2351E0 ; 3.2557E0
5.4397E0 ; 3.2357E0 ; 3.2557E0
5.4387E0 ; 3.2363E0 ; 3.2557E0
5.4376E0 ; 3.2369E0 ; 3.2557E0
5.4366E0 ; 3.2375E0 ; 3.2557E0
5.4355E0 ; 3.2381E0 ; 3.2557E0
5.4345E0 ; 3.2387E0 ; 3.2557E0
5.4334E0 ; 3.2393E0 ; 3.2557E0
5.4323E0 ; 3.2399E0 ; 3.2557E0
5.4313E0 ; 3.2405E0 ; 3.2557E0
5.4302E0 ; 3.241E0 ; 3.2557E0
5.4291E0 ; 3.2416E0 ; 3.2557E0
5.4281E0 ; 3.2422E0 ; 3.2557E0
5.427E0 ; 3.2427E0 ; 3.2557E0
5.4259E0 ; 3.2433E0 ; 3.2557E0
5.4248E0 ; 3.2438E0 ; 3.2557E0
5.4237E0 ; 3.2444E0 ; 3.2557E0
5.4226E0 ; 3.2449E0 ; 3.2557E0
5.4215E0 ; 3.2455E0 ; 3.2557E0
5.4204E0 ; 3.246E0 ; 3.2557E0
5.4193E0 ; 3.2465E0 ; 3.2557E0
5.4182E0 ; 3.2471E0 ; 3.2557E0
5.417E0 ; 3.2476E0 ; 3.2557E0
5.4159E0 ; 3.2481E0 ; 3.2557E0
5.4148E0 ; 3.2486E0 ; 3.2557E0
5.4136E0 ; 3.2491E0 ; 3.2557E0
5.4125E0 ; 3.2496E0 ; 3.2557E0
5.4114E0 ; 3.2501E0 ; 3.2557E0
5.4102E0 ; 3.2506E0 ; 3.2557E0
5.4091E0 ; 3.2511E0 ; 3.2557E0
5.4079E0 ; 3.2516E0 ; 3.2557E0
5.4067E0 ; 3.2521E0 ; 3.2557E0
5.4056E0 ; 3.2526E0 ; 3.2557E0
5.4044E0 ; 3.253E0 ; 3.2557E0
5.4032E0 ; 3.2535E0 ; 3.2557E0
5.4021E0 ; 3.254E0 ; 3.2557E0
5.4009E0 ; 3.2545E0 ; 3.2557E0
5.3997E0 ; 3.2549E0 ; 3.2557E0
5.3985E0 ; 3.2554E0 ; 3.2557E0
5.3973E0 ; 3.2558E0 ; 3.2557E0
5.3961E0 ; 3.2563E0 ; 3.2557E0
5.3949E0 ; 3.2567E0 ; 3.2557E0
5.3937E0 ; 3.2572E0 ; 3.2557E0
5.3925E0 ; 3.2576E0 ; 3.2557E0
5.3912E0 ; 3.258E0 ; 3.2557E0
5.39E0 ; 3.2585E0 ; 3.2557E0
5.3888E0 ; 3.2589E0 ; 3.2557E0
5.3876E0 ; 3.2593E0 ; 3.2557E0
5.3863E0 ; 3.2597E0 ; 3.2557E0
5.3851E0 ; 3.2601E0 ; 3.2557E0
5.3838E0 ; 3.2606E0 ; 3.2557E0
5.3826E0 ; 3.261E0 ; 3.2557E0
5.3813E0 ; 3.2614E0 ; 3.2557E0
5.3801E0 ; 3.2618E0 ; 3.2557E0
5.3788E0 ; 3.2622E0 ; 3.2557E0
5.3775E0 ; 3.2626E0 ; 3.2557E0
5.3762E0 ; 3.263E0 ; 3.2557E0
5.375E0 ; 3.2633E0 ; 3.2557E0
5.3737E0 ; 3.2637E0 ; 3.2557E0
5.3724E0 ; 3.2641E0 ; 3.2557E0
5.3711E0 ; 3.2645E0 ; 3.2557E0
5.3698E0 ; 3.2649E0 ; 3.2557E0
5.3685E0 ; 3.2652E0 ; 3.2557E0
5.3672E0 ; 3.2656E0 ; 3.2557E0
5.3659E0 ; 3.266E0 ; 3.2557E0
5.3645E0 ; 3.2663E0 ; 3.2557E0
5.3632E0 ; 3.2667E0 ; 3.2557E0
5.3619E0 ; 3.267E0 ; 3.2557E0
5.3605E0 ; 3.2674E0 ; 3.2557E0
5.3592E0 ; 3.2677E0 ; 3.2557E0
5.3579E0 ; 3.2681E0 ; 3.2557E0
5.3565E0 ; 3.2684E0 ; 3.2557E0
5.3552E0 ; 3.2688E0 ; 3.2557E0
5.3538E0 ; 3.2691E0 ; 3.2557E0
5.3524E0 ; 3.2694E0 ; 3.2557E0
5.3511E0 ; 3.2698E0 ; 3.2557E0
5.3497E0 ; 3.2701E0 ; 3.2557E0
5.3483E0 ; 3.2704E0 ; 3.2557E0
5.3469E0 ; 3.2707E0 ; 3.2557E0
5.3455E0 ; 3.271E0 ; 3.2557E0
5.3441E0 ; 3.2714E0 ; 3.2557E0
5.3427E0 ; 3.2717E0 ; 3.2557E0
5.3413E0 ; 3.272E0 ; 3.2557E0
5.3399E0 ; 3.2723E0 ; 3.2557E0
5.3385E0 ; 3.2726E0 ; 3.2557E0
5.337E0 ; 3.2729E0 ; 3.2557E0
5.3356E0 ; 3.2732E0 ; 3.2557E0
5.3342E0 ; 3.2735E0 ; 3.2557E0
5.3327E0 ; 3.2738E0 ; 3.2557E0
5.3313E0 ; 3.2741E0 ; 3.2557E0
5.3298E0 ; 3.2744E0 ; 3.2557E0
5.3284E0 ; 3.2746E0 ; 3.2557E0
5.3269E0 ; 3.2749E0 ; 3.2557E0
5.3254E0 ; 3.2752E0 ; 3.2557E0
5.324E0 ; 3.2755E0 ; 3.2557E0
5.3225E0 ; 3.2757E0 ; 3.2557E0
5.321E0 ; 3.276E0 ; 3.2557E0
5.3195E0 ; 3.2763E0 ; 3.2557E0
5.318E0 ; 3.2765E0 ; 3.2557E0
5.3165E0 ; 3.2768E0 ; 3.2557E0
5.315E0 ; 3.2771E0 ; 3.2557E0
5.3135E0 ; 3.2773E0 ; 3.2557E0
5.312E0 ; 3.2776E0 ; 3.2557E0
5.3104E0 ; 3.2778E0 ; 3.2557E0
5.3089E0 ; 3.2781E0 ; 3.2557E0
5.3074E0 ; 3.2783E0 ; 3.2557E0
5.3058E0 ; 3.2786E0 ; 3.2557E0
5.3043E0 ; 3.2788E0 ; 3.2557E0
5.3027E0 ; 3.2791E0 ; 3.2557E0
5.3012E0 ; 3.2793E0 ; 3.2557E0
5.2996E0 ; 3.2795E0 ; 3.2557E0
5.298E0 ; 3.2798E0 ; 3.2557E0
5.2965E0 ; 3.28E0 ; 3.2557E0
5.2949E0 ; 3.2802E0 ; 3.2557E0
5.2933E0 ; 3.2804E0 ; 3.2557E0
5.2917E0 ; 3.2807E0 ; 3.2557E0
5.2901E0 ; 3.2809E0 ; 3.2557E0
5.2885E0 ; 3.2811E0 ; 3.2557E0
5.2869E0 ; 3.2813E0 ; 3.2557E0
5.2852E0 ; 3.2815E0 ; 3.2557E0
5.2836E0 ; 3.2817E0 ; 3.2557E0
5.282E0 ; 3.2819E0 ; 3.2557E0
5.2803E0 ; 3.2822E0 ; 3.2557E0
5.2787E0 ; 3.2824E0 ; 3.2557E0
5.277E0 ; 3.2826E0 ; 3.2557E0
5.2754E0 ; 3.2828E0 ; 3.2557E0
5.2737E0 ; 3.283E0 ; 3.2557E0
5.272E0 ; 3.2832E0 ; 3.2557E0
5.2704E0 ; 3.2833E0 ; 3.2557E0
5.2687E0 ; 3.2835E0 ; 3.2557E0
5.267E0 ; 3.2837E0 ; 3.2557E0
5.2653E0 ; 3.2839E0 ; 3.2557E0
5.2636E0 ; 3.2841E0 ; 3.2557E0
5.2619E0 ; 3.2843E0 ; 3.2557E0
5.2602E0 ; 3.2845E0 ; 3.2557E0
5.2584E0 ; 3.2846E0 ; 3.2557E0
5.2567E0 ; 3.2848E0 ; 3.2557E0
5.255E0 ; 3.285E0 ; 3.2557E0
5.2532E0 ; 3.2852E0 ; 3.2557E0
5.2515E0 ; 3.2853E0 ; 3.2557E0
5.2497E0 ; 3.2855E0 ; 3.2557E0
5.248E0 ; 3.2857E0 ; 3.2557E0
5.2462E0 ; 3.2858E0 ; 3.2557E0
5.2444E0 ; 3.286E0 ; 3.2557E0
5.2426E0 ; 3.2861E0 ; 3.2557E0
5.2409E0 ; 3.2863E0 ; 3.2557E0
5.2391E0 ; 3.2865E0 ; 3.2557E0
5.2373E0 ; 3.2866E0 ; 3.2557E0
5.2354E0 ; 3.2868E0 ; 3.2557E0
5.2336E0 ; 3.2869E0 ; 3.2557E0
5.2318E0 ; 3.2871E0 ; 3.2557E0
5.23E0 ; 3.2872E0 ; 3.2557E0
5.2281E0 ; 3.2874E0 ; 3.2557E0
5.2263E0 ; 3.2875E0 ; 3.2557E0
5.2244E0 ; 3.2876E0 ; 3.2557E0
5.2226E0 ; 3.2878E0 ; 3.2557E0
5.2207E0 ; 3.2879E0 ; 3.2557E0
5.2188E0 ; 3.288E0 ; 3.2557E0
5.217E0 ; 3.2882E0 ; 3.2557E0
5.2151E0 ; 3.2883E0 ; 3.2557E0
